530
488
612
599
733
769
899
889
1026
1004
1167
1134
1366
1426
1548
1588
1871
1817
1955
1940
2178
2186
2393
2375
2474
2508
2542
2568
2656
2725
2757
2701
2820
2776
2721
2733
2695
2700
2589
2581
2534
2557
2625
2559
2613
2680
2877
2861
2796
2748
2816
2788
2652
2732
2609
2640
2494
2432
2325
2290
2209
2307
2142
2161
2074
2067
1998
1971
1903
1898
1871
1967
1868
1840
1839
1851
1777
1736
1643
1699
1660
1715
1605
1654
1626
1564
1627
1580
1588
1593
1528
1547
1512
1529
1453
1419
1382
1339
1381
1410
1332
1291
1295
1254
1281
1281
1190
1188
1109
1152
1038
1103
1016
1056
970
991
936
942
862
914
923
931
880
907
877
874
891
868
896
840
758
805
739
785
821
742
696
672
648
590
613
623
609
636
538
521
500
509
479
465
427
405
408
393
438
410
389
390
394
381
385
348
331
337
317
319
267
284
327
288
255
266
285
281
283
270
299
279
267
277
254
269
231
248
282
283
262
269
285
281
271
265
249
235
243
239
255
227
231
198
188
163
183
190
178
175
213
185
204
204
197
204
227
210
237
223
172
195
192
162
199
184
198
179
190
206
122
122
92
84
66
68
62
55
66
63
35
28
22
20
18
14
6
10
4
4
2
1
4
1
0
0
1
1
0
1
