1036
1027
1002
1065
1019
993
1006
1048
1030
1008
1024
987
1003
985
1021
1033
1032
1002
1022
1070
1020
1033
1034
976
976
1054
1015
1071
1018
1050
985
975
993
995
1057
1007
980
990
1074
1050
1012
1013
1059
1001
1000
975
1091
1020
1000
971
1007
1076
1070
1009
1035
1063
1023
1026
988
1055
1016
1065
1046
1072
1034
1007
1016
1026
1013
967
992
1046
1075
1061
1043
964
1027
1018
1001
981
989
1019
1036
985
1027
1081
1043
1045
1018
1029
1027
1054
975
1013
999
974
1010
984
1033
1029
1050
1043
1062
1012
1045
1092
1057
1012
1033
980
1013
1021
1082
1059
1026
1043
1033
978
1075
971
1043
1014
1053
1041
988
1048
1031
979
1080
1010
1065
1070
975
968
1008
1027
1024
973
1019
1041
1060
1041
1033
1028
994
1055
1064
1023
1037
1039
1026
1061
1069
1034
1035
1025
1000
1041
1009
967
1035
1026
1025
996
1028
1056
1017
1044
1023
1008
969
1044
996
1095
1003
1014
1046
1044
1012
984
980
1022
1042
949
1059
977
973
919
1005
986
1040
1035
1019
1006
1107
1013
1009
994
982
1025
996
1074
1015
1028
1060
992
1034
1030
1002
962
1044
1015
1029
1066
960
1033
989
1068
1066
1039
1017
1036
1046
1079
1003
1016
1020
999
1031
1024
1020
1028
1042
1019
1035
1045
991
1032
1032
1061
1062
1009
1050
990
1038
1052
1063
1048
1018
1041
1048
1021
1070
1027
1032
1005
